416	48.7880566803	11.3811085721	273.038461538	355.841346154	turn
386	48.7903583135	11.3814125959	288.018134715	197.365284974	turn
353	48.7902749773	11.3816505382	25.1331444759	110.492917847	turn
351	48.7743670484	11.4588970912	180.310541311	95.6495726496	highway_turn
347	48.7741107493	11.4606530519	98.8443804035	174.878962536	curved_road
346	48.7749571994	11.4171988121	181.069364162	89.4190751445	turn
331	48.7751719849	11.4096909879	338.271903323	249.725075529	turn
320	48.7586797937	11.4392042063	299.290625	213.58125	?
319	48.6309857931	11.581517558	357.037617555	272.150470219	curved_road
298	48.751774057	11.4551947685	209.570469799	125.365771812	?
293	48.7880144539	11.3811151809	178.508532423	91.2866894198	turn
292	48.7899204555	11.403091	22.6849315068	147.643835616	turn
282	48.6858845106	11.612534234	251.982269504	175.382978723	highway_turn
262	48.7366648289	11.4557780456	303.505703422	24.3346007605	turn
231	48.7746277879	11.6301796017	269.614718615	169.060606061	country_turn
228	48.6277094167	11.5863736798	188.828947368	281.530701754	country_turn
217	48.8179459032	11.7007614931	266.714285714	173.207373272	highway_turn
210	48.7851406524	11.3903540143	235.352380952	323.757142857	turnaround
182	48.7860322418	11.6941784725	4.94505494505	101.494505495	country_turn
157	48.7735940701	11.3968503949	268.095541401	349.885350318	turn
152	48.7734069211	11.3968401974	175.171052632	88.8881578947	turn
149	48.7960360403	11.4034254765	17.9865771812	104.073825503	curved_road
144	48.7760545833	11.4583811181	97.0069444444	171.465277778	curved_road
133	48.6444281805	11.5189959624	292.390977444	17.015037594	?
132	48.7923024848	11.7624125985	130.636363636	10.1893939394	?
125	48.733237888	11.452618936	40.064	140.048	
123	48.8013089837	11.7584427642	322.146341463	244.56097561	
119	48.7797943277	11.766223042	129.941176471	235.663865546	
118	48.8626485424	11.3663658814	355.271186441	279.398305085	
117	48.6460879231	11.5183755983	324.256410256	239.393162393	
116	48.8525468793	11.4210605	77.724137931	339.094827586	
115	48.7812698	11.4292913391	249.165217391	337.417391304	
113	48.8953393097	11.4566355752	181.486725664	263.769911504	
113	48.8578446195	11.4185477788	347.159292035	82.5840707965	
112	48.7960088929	11.4031774554	279.348214286	194.098214286	
112	48.8513827679	11.3726468036	328.375	83.75	
111	48.7902118378	11.3813656306	110.225225225	195.315315315	
111	48.7895796216	11.3810607387	4.51351351351	277.351351351	
110	48.8878502182	11.2661064	340.509090909	259.736363636	
110	48.8754615091	11.2756244182	53.4636363636	294.272727273	
108	48.8596030278	11.2811534907	18.5740740741	300.444444444	
104	48.7758136731	11.3894320096	15.9711538462	271.625	
103	48.7551212136	11.6864905534	220.854368932	294.32038835	
102	48.7550211078	11.6867649608	119.901960784	39.0196078431	
102	48.7723727059	11.4583578725	188.068627451	264.176470588	
100	48.58649366	11.08334452	309.72	220.74	
100	48.62775422	11.58656014	188.95	264.26	
98	48.6578017143	10.9553966327	24.806122449	303.714285714	
98	48.7829484388	11.6013002551	166.316326531	78.2244897959	
97	48.8007206701	11.7593877629	67.5979381443	324.536082474	
95	48.7620752105	11.2701105368	237.210526316	148.105263158	
94	48.642863766	10.9741479894	353.808510638	273.095744681	
92	48.6443173696	10.9551625543	268.77173913	350.217391304	
91	48.7512123956	11.6852887473	83.2417582418	279.076923077	
90	48.7295898667	11.4426924444	340.044444444	51.9222222222	
89	48.7747154607	11.6303877191	353.471910112	89.1573033708	
89	48.7976526966	11.7630727303	340.808988764	259.775280899	
85	48.5463534235	11.5111787765	173.047058824	276.023529412	
85	48.7549571647	11.6865659176	124.035294118	212.211764706	
84	48.8887185238	11.2613861071	313.297619048	32.119047619	
84	48.7700358929	11.6304923452	285.202380952	0.72619047619	
84	48.7669629643	11.7049468452	301.547619048	35.0357142857	
83	48.8469844096	11.3218460602	206.481927711	120.734939759	
82	48.6249818659	11.4433081585	22.5487804878	136.073170732	
81	48.7978380247	11.2275634198	121.913580247	1.34567901235	
81	48.7953929012	11.4065245802	112.271604938	197.049382716	
80	48.800466775	11.4036867625	6.75	96.0875	
80	48.7508563125	11.6840883875	279.5375	202.3375	
80	48.8952327625	11.42323895	186.575	264.65	
80	48.632615825	11.3211832625	230.4875	303.4	
80	48.8155687375	11.4704936875	12.55	102.15	
79	48.8170341266	11.4608500633	194.759493671	279.620253165	
79	48.8141741139	11.4718442025	115.151898734	271.974683544	
77	48.8042743377	11.2900284026	12.5584415584	90.2077922078	
77	48.7794078571	11.420366026	176.792207792	90.1558441558	
77	48.814835	11.4723087143	109.597402597	290.246753247	
77	48.8093103506	11.3705172468	112.493506494	191.454545455	
76	48.8610585132	11.3668466184	249.381578947	345.855263158	
76	48.7794600395	11.4203305526	269.157894737	355.210526316	
76	48.7668818553	11.7049059605	217.302631579	121.907894737	
75	48.7794318133	11.4224289333	356.16	269.986666667	
75	48.7621093733	11.2705650667	338.586666667	52.4933333333	
75	48.7871759067	11.396823	74.2533333333	153.293333333	
74	48.7725458378	11.4589213108	270.756756757	356.405405405	
70	48.5527655429	11.4521806286	308.771428571	29.8	
70	48.7828349429	11.4283975571	335.971428571	55.1142857143	
70	48.5354563286	11.4848529571	228.214285714	53.8571428571	
70	48.7827762286	11.4283488571	235.371428571	155.385714286	
70	48.7800720714	11.4201744	90.4428571429	175.985714286	
69	48.7851873768	11.4308879565	23.347826087	304.347826087	
69	48.7923728696	11.762282087	187.260869565	313.52173913	
69	48.7895485362	11.3811081159	96.4782608696	182.47826087	
68	48.8106371765	11.3691261912	83.8676470588	171.588235294	
67	48.7786504179	11.4226107612	176.104477612	87.6119402985	
67	48.8141248806	11.470159209	278.164179104	1.31343283582	
67	48.5539054179	11.4528066119	29.7313432836	304.940298507	
66	48.9487181667	11.3947778485	41.8636363636	159.939393939	
66	48.7850499848	11.4308897424	123.712121212	203.287878788	
65	48.7812056308	11.4293588308	158.446153846	69.7692307692	
64	48.7189184063	11.5103107344	166.15625	68.4375	
64	48.7723100313	11.4587612813	175.8125	87.203125	
63	48.7793753333	11.422481619	89.380952381	176.111111111	
61	48.7908449016	11.4221092459	182.229508197	307.950819672	
61	48.6234729508	11.4412052951	201.950819672	6.09836065574	
60	48.8010230667	11.7573355167	238.666666667	142.45	
60	48.7787115333	11.4225552667	266.866666667	356.616666667	
57	48.7386949298	11.4565133684	298.421052632	14.9473684211	
57	48.7761562982	11.4583943509	353.614035088	278.175438596	
56	48.8180312857	11.7010780714	358.125	87.3928571429	
56	48.6287543571	11.4315528571	246.928571429	333.607142857	
56	48.5843638929	11.3984562857	276.785714286	41.7857142857	
56	48.6325905714	11.3211299643	109.660714286	222.875	
55	48.6839243636	11.6115904	196.909090909	269.654545455	
55	48.7760567455	11.3878451455	274.145454545	356.127272727	
55	48.7755860182	11.4958680545	100.218181818	12.0727272727	
54	48.7557591667	11.4306588148	265.814814815	170.481481481	
53	48.7191196604	11.510245717	250.018867925	341.716981132	
53	48.7860317736	11.694044	279.264150943	185.509433962	
52	48.7872159038	11.3967160962	335.230769231	253.211538462	
52	48.7763795769	11.3198782692	213.019230769	343.057692308	
52	48.7717508846	11.4172705192	259.769230769	357.211538462	
51	48.8111860588	11.4681178235	264.392156863	182.941176471	
51	48.6302275686	11.4364997843	308.725490196	237.333333333	
51	48.8096790784	11.4681806275	175.411764706	94.2156862745	
51	48.8113085882	11.4703107059	354.470588235	269.647058824	
51	48.9276602745	11.4549007059	82.6862745098	174.490196078	
49	48.7727387959	11.4260392041	110.551020408	9.34693877551	
49	48.7846995102	11.69214	251.693877551	180.510204082	
48	48.7669403542	11.7048125208	219.291666667	326.083333333	
48	48.7085592708	11.4863537292	211.25	336.958333333	
48	48.7715837917	11.4172704375	179.9375	78.8333333333	
48	48.6308952292	11.5816811667	91.4166666667	178.354166667	
47	48.6250241489	11.4414237234	14.7659574468	137.042553191	
46	48.8094067391	11.4702746087	100.47826087	181.652173913	
46	48.7801506087	11.4201420652	353.195652174	269.97826087	
45	48.5630502	11.2565954667	213.311111111	295.266666667	
45	48.7879487778	11.3835333778	93.6888888889	13.7777777778	
44	48.8594357045	11.2811434091	120.568181818	197.977272727	
44	48.64580775	11.5186173182	65.5227272727	153.863636364	
43	48.8752904651	11.275645093	114.139534884	233.465116279	
43	48.7859414186	11.4084262791	123.627906977	215.255813953	
43	48.8873910233	11.4119319767	325.697674419	51.7441860465	
43	48.7910549535	11.4067768605	118.976744186	33.3488372093	
43	48.8014991163	11.7686398837	334.395348837	243.186046512	
43	48.8341762791	11.415564814	171.930232558	270.348837209	
42	48.8719069524	11.3317835476	348.571428571	78.7142857143	
42	48.7847305952	11.6921731667	0.738095238095	71.8333333333	
42	48.7915947143	11.4072494524	33.2380952381	305.238095238	
41	48.8523943659	11.4209133659	158.804878049	258.731707317	
41	48.80365	11.2896065854	84.9756097561	12.9512195122	
41	48.8877353902	11.2662316341	78.6097560976	160.609756098	
41	48.8625911951	11.3664671463	99.9756097561	173.951219512	
41	48.7700104878	11.6305248537	285.170731707	358.317073171	
41	48.7558708049	11.4306044146	350.780487805	263.073170732	
40	48.807862925	11.47020895	92.35	4.15	
40	48.7775784	11.3947354	247.225	160.525	
39	48.7900320256	11.402879641	325.0	197.282051282	
39	48.7466342564	11.4671326923	30.9230769231	305.641025641	
39	48.7365958974	11.4557750256	203.615384615	124.179487179	
39	48.8953317692	11.4234034872	84.4358974359	7.28205128205	
38	48.7555519737	11.4312821579	355.447368421	81.8947368421	
38	48.7767973947	11.4522303421	110.394736842	186.763157895	
38	48.8942146579	11.4143820526	2.07894736842	79.3684210526	
37	48.7224491081	11.4400859189	197.702702703	100.972972973	
37	48.7815565676	11.607607	205.27027027	121.972972973	
37	48.6859044865	11.6126461081	354.702702703	71.1081081081	
36	48.7803796111	11.7655720278	200.5	128.805555556	
36	48.7919634444	11.4244754722	60.5	132.444444444	
35	48.7584553429	11.7154283714	250.085714286	321.828571429	
35	48.7962402	11.4026085429	244.257142857	8.28571428571	
35	48.7727177143	11.4626863143	173.6	263.542857143	
35	48.7757754571	11.4341954286	185.257142857	95.4857142857	
35	48.8180280286	11.7010928571	0.885714285714	87.4571428571	
34	48.7922054706	11.4241382647	309.147058824	228.176470588	
34	48.7464857941	11.4669915882	128.441176471	209.735294118	
34	48.8155160294	11.4687653235	204.470588235	287.794117647	
34	48.8470006765	11.3219475588	19.9117647059	118.852941176	
33	48.8885879697	11.2612557879	214.575757576	129.181818182	
33	48.7730917879	11.4567113636	356.848484848	85.303030303	
33	48.7787727273	11.4248790606	357.878787879	268.181818182	
33	48.7556909091	11.4306203636	82.5757575758	166.545454545	
33	48.7669761515	11.7049392727	195.090909091	326.303030303	
32	48.8610141562	11.3669444688	166.71875	68.15625	
31	48.7954909355	11.4067800323	21.6774193548	291.451612903	
31	48.7749105806	11.4098554516	71.1935483871	155.935483871	
31	48.7585653226	11.4394536452	33.3225806452	115.677419355	
31	48.8031774194	11.766316871	17.9677419355	138.935483871	
31	48.775223871	11.4172706129	271.838709677	347.870967742	
31	48.7731074516	11.456748129	1.35483870968	85.1290322581	
30	48.7812302667	11.3639881	106.9	32.3666666667	
30	48.7723305667	11.4567491333	269.2	351.633333333	
30	48.8345463333	11.3628433667	128.766666667	56.8333333333	
30	48.9278126333	11.4548231667	356.0	260.2	
29	48.7818604483	11.4261206552	249.965517241	174.75862069	
28	48.787977	11.3835108929	90.6071428571	172.392857143	
28	48.8168644643	11.4689784643	26.8928571429	196.464285714	
28	48.7801980357	11.419067	268.178571429	346.821428571	
27	48.8004410741	11.4045295926	96.037037037	2.77777777778	
27	48.818121963	11.2828305556	92.6296296296	184.111111111	
27	48.7739610741	11.461980963	6.07407407407	165.222222222	
27	48.7783613704	11.2852134444	3.33333333333	287.777777778	
27	48.6443411481	11.5190201481	200.148148148	111.444444444	
26	48.8513314231	11.3724516923	263.884615385	147.730769231	
26	48.7661668077	11.4100220385	257.576923077	356.307692308	
25	48.72341104	11.44403324	47.72	335.56	
25	48.77868956	11.42493364	87.32	178.84	
25	48.82884516	11.3185308	83.2	354.28	
25	48.81303628	11.408739	128.88	221.36	
24	48.7740944583	11.477078875	124.25	358.25	
24	48.7952831667	11.716042875	147.041666667	68.75	
24	48.7995242083	11.7705037917	141.583333333	305.833333333	
23	48.7826675217	11.4342364348	328.086956522	236.608695652	
23	48.7768266957	11.452403087	16.6956521739	102.739130435	
23	48.8014593043	11.7687296522	63.3913043478	154.086956522	
23	48.8326970435	11.3700433043	177.347826087	290.043478261	
23	48.8014528696	11.404578087	1.69565217391	277.260869565	
22	48.6233628636	11.4446000909	143.909090909	318.090909091	
22	48.7752758636	11.3876082727	180.772727273	78.7727272727	
21	48.6384394762	11.456436619	231.714285714	334.0	
21	48.772734381	11.4379782381	352.142857143	81.7619047619	
21	48.8042282381	11.2896588095	163.047619048	84.9047619048	
21	48.7827538571	11.4283035238	331.904761905	235.80952381	
21	48.5362137619	11.4855199524	148.333333333	226.714285714	
20	48.77581755	11.3875483	263.5	181.15	
20	48.7922391	11.41564615	273.5	38.25	
19	48.7914767368	11.4222391579	253.578947368	179.052631579	
19	48.7733781579	11.4583025789	77.6315789474	5.63157894737	
19	48.7698245789	11.6305108421	183.421052632	99.1052631579	
19	48.7992825789	11.7698973158	155.0	257.157894737	
19	48.8159737368	11.4653781579	114.578947368	194.526315789	
19	48.8341740526	11.4158381579	94.7894736842	349.578947368	
19	48.7728585263	11.4388467368	82.2105263158	356.842105263	
18	48.7768727222	11.2851973889	231.333333333	2.38888888889	
18	48.7972288333	11.3646969444	189.111111111	98.2777777778	
18	48.7787597778	11.4249027222	0.666666666667	268.0	
18	48.6309386111	11.5815786667	0.0	271.777777778	
18	48.552585	11.4522702778	209.555555556	128.277777778	
18	48.8011241111	11.7590159444	66.7777777778	246.055555556	
17	48.7813744706	11.4180574706	88.2941176471	5.58823529412	
17	48.5537550588	11.4528830588	124.411764706	209.647058824	
17	48.8014513529	11.4045647647	358.0	277.294117647	
17	48.7740842353	11.4770524706	124.823529412	0.470588235294	
17	48.7790990588	11.4343905882	74.4117647059	175.882352941	
16	48.7824748125	11.4307416875	154.625	344.125	
16	48.7295478125	11.4424325625	239.9375	158.4375	
16	48.7860504375	11.4084816875	34.75	303.5625	
16	48.7846326875	11.39022425	153.6875	13.625	
16	48.7922160625	11.7621539375	224.4375	133.8125	
16	48.53563275	11.4848389375	226.3125	149.3125	
16	48.783030875	11.6011614375	257.4375	347.3125	
16	48.7759085	11.43614625	148.5625	257.375	
16	48.783307	11.4300435	68.875	166.3125	
15	48.7813961333	11.4179975333	181.266666667	269.2	
15	48.7867514667	11.3972956	152.533333333	12.9333333333	
15	48.7807630667	11.4188040667	345.866666667	262.0	
15	48.7900428667	11.2267729333	309.933333333	28.5333333333	
15	48.7555694	11.4313124	0.933333333333	81.1333333333	
14	48.7903966429	11.2314519286	5.71428571429	284.714285714	
14	48.7776303571	11.3949711429	342.071428571	64.6428571429	
13	48.7727486154	11.4259028462	189.076923077	289.307692308	
13	48.9396280769	11.4090084615	53.6153846154	127.307692308	
13	48.8326404615	11.3702616923	107.615384615	357.615384615	
13	48.766334	11.4113499231	346.923076923	254.923076923	
13	48.7551513846	11.6866493846	33.6153846154	294.846153846	
12	48.7332490833	11.45242975	321.25	220.0	
12	48.7996624167	11.7704203333	135.583333333	328.666666667	
12	48.85794325	11.418302	268.166666667	171.25	
12	48.775677	11.389465	85.5	273.416666667	
12	48.6235735833	11.4448203333	145.0	246.25	
12	48.8009565833	11.7574445	132.5	54.0833333333	
12	48.7716385833	11.4172555833	73.75	356.5	
12	48.6324975833	11.3211568333	140.25	222.416666667	
12	48.7747888333	11.3881765	178.666666667	91.6666666667	
12	48.7792850833	11.4343914167	357.583333333	253.583333333	
12	48.71006175	11.4839350833	3.75	96.8333333333	
12	48.7978541667	11.2276435	116.583333333	358.666666667	
11	48.8041932727	11.2920311818	97.0909090909	25.4545454545	
11	48.7699346364	11.4336519091	222.181818182	330.0	
11	48.7813754545	11.4145710909	336.090909091	88.6363636364	
11	48.6301478182	11.4367116364	58.1818181818	129.454545455	
11	48.7922215455	11.7622602727	130.272727273	33.5454545455	
11	48.7838607273	11.4823915455	26.6363636364	104.181818182	
11	48.7973959091	11.7631857273	97.0	180.454545455	
11	48.7764006364	11.4522641818	185.363636364	105.0	
11	48.7846557273	11.3905019091	158.272727273	45.9090909091	
10	48.7698038	11.4338505	151.7	40.3	
10	48.771691	11.4379996	259.7	174.0	
10	48.773543	11.3964468	176.9	258.1	
10	48.7802866	11.4190159	268.6	81.7	
10	48.7673187	11.411765	131.5	42.2	
10	48.7917093	11.2280136	304.0	30.0	
10	48.6325252	11.3213728	134.1	50.4	
10	48.7887774	11.236842	3.1	263.4	
10	48.7859763	11.2367387	265.1	355.9	
10	48.8345689	11.3627242	237.2	308.9	
9	48.7976245556	11.762717	340.555555556	57.8888888889	
9	48.7832741111	11.691625	180.444444444	253.666666667	
9	48.8141127778	11.4701707778	278.222222222	358.444444444	
9	48.7867481111	11.3972246667	152.111111111	44.1111111111	
9	48.9396387778	11.4086581111	53.2222222222	126.444444444	
9	48.7880532222	11.3810925556	272.888888889	1.44444444444	
9	48.7757654444	11.4953574444	198.111111111	269.555555556	
9	48.7096498889	11.4874952222	281.111111111	196.0	
9	48.7916728889	11.3772108889	316.555555556	186.777777778	
9	48.7689503333	11.634029	120.777777778	206.444444444	
9	48.7697622222	11.3948286667	295.666666667	14.7777777778	
9	48.7717398889	11.4379332222	350.222222222	261.777777778	
9	48.7777268889	11.3058247778	267.111111111	170.222222222	
9	48.7683415556	11.6334543333	210.555555556	298.333333333	
9	48.7223303333	11.4412555556	102.555555556	10.4444444444	
8	48.771758	11.696443875	335.625	57.5	
8	48.7847	11.6921445	358.875	71.375	
8	48.7084035	11.48463725	165.875	349.5	
8	48.789334	11.23146425	280.875	357.375	
8	48.7846905	11.390103625	31.375	149.875	
8	48.895441125	11.456814	86.25	1.375	
8	48.77534125	11.388093625	69.0	178.5	
8	48.628664	11.431714875	156.375	65.75	
8	48.776179625	11.319972625	161.375	30.375	
8	48.89427325	11.414345625	270.375	184.25	
8	48.775269375	11.387593625	181.375	66.75	
8	48.752746625	11.68422875	10.625	193.625	
8	48.77363675	11.387678875	174.0	95.5	
8	48.817029875	11.461063625	100.5	14.25	
8	48.797567	11.762753875	195.0	354.875	
7	48.7263942857	11.441922	335.0	57.4285714286	
7	48.9397272857	11.4084332857	306.857142857	233.571428571	
7	48.8287288571	11.3163162857	358.428571429	267.857142857	
7	48.7771175714	11.387741	267.0	356.142857143	
7	48.7723748571	11.4635557143	4.85714285714	85.1428571429	
7	48.7870632857	11.3973288571	255.285714286	170.0	
7	48.7803437143	11.4202198571	2.42857142857	271.571428571	
7	48.7879768571	11.3835735714	93.2857142857	260.571428571	
7	48.7777567143	11.3194354286	2.71428571429	175.142857143	
7	48.8241462857	11.3699148571	174.714285714	100.714285714	
7	48.7771224286	11.3892431429	356.142857143	266.571428571	
7	48.792209	11.4064192857	124.0	29.4285714286	
6	48.8592191667	11.2811441667	56.6666666667	300.666666667	
6	48.7917023333	11.4232983333	202.5	275.666666667	
6	48.7879653333	11.3811788333	4.66666666667	87.1666666667	
6	48.9010043333	11.4118351667	269.5	169.0	
6	48.8942695	11.4188473333	195.333333333	273.166666667	
6	48.8011336667	11.6342761667	108.0	203.166666667	
6	48.5856808333	11.3984971667	250.166666667	97.8333333333	
6	48.8254566667	11.275621	275.833333333	195.0	
6	48.772623	11.4346168333	333.333333333	81.6666666667	
6	48.7683251667	11.63351	117.0	31.0	
6	48.7914338333	11.3775706667	16.0	124.666666667	
6	48.771747	11.417261	261.0	0.166666666667	
6	48.777591	11.3948438333	156.333333333	64.6666666667	
6	48.7978713333	11.227715	101.666666667	1.16666666667	
6	48.746727	11.4670848333	216.666666667	300.0	
6	48.8178311667	11.700804	87.6666666667	170.0	
6	48.8780296667	11.4145371667	87.0	9.5	
6	48.7725493333	11.4589158333	268.0	0.0	
5	48.7434092	11.4741486	116.2	197.8	
5	48.9398182	11.440916	51.8	328.2	
5	48.7690076	11.6305812	271.8	11.6	
5	48.7233476	11.4439742	156.6	228.2	
5	48.7689376	11.6341048	31.4	118.2	
5	48.780681	11.4263404	177.6	90.0	
5	48.9445636	11.3968672	189.6	12.2	
5	48.5636918	11.2639444	162.8	260.2	
5	48.6277262	11.586698	2.4	268.8	
5	48.7777318	11.3947188	252.0	336.2	
5	48.7717502	11.3106826	247.6	346.4	
5	48.7720156	11.3120732	241.0	72.4	
5	48.7853146	11.693905	73.8	2.8	
5	48.7961098	11.4025724	216.0	136.8	
5	48.7951814	11.5797982	96.8	19.6	
5	48.7723496	11.4587924	87.2	0.8	
5	48.7899598	11.377049	280.2	8.6	
5	48.771687	11.4381992	356.2	78.8	
5	48.8012906	11.7580192	327.0	150.6	
5	48.817026	11.4610924	286.2	6.8	
5	48.7748162	11.43395	7.2	104.0	
5	48.9481776	11.3980254	294.8	181.4	
5	48.625039	11.4415546	41.8	137.2	
5	48.7872316	11.3969792	341.2	68.4	
5	48.7750268	11.4098978	149.8	72.8	
5	48.8033562	11.7664638	331.6	215.8	
5	48.7725656	11.3882318	262.2	356.0	
5	48.7776972	11.3195018	83.4	171.8	
5	48.737862	11.472008	275.0	4.8	
4	48.82549025	11.27577	14.5	95.5	
4	48.73774775	11.47473675	355.25	272.0	
4	48.77825225	11.285341	108.75	185.75	
4	48.77982675	11.40145525	40.0	131.5	
4	48.7829735	11.691069	246.25	169.5	
4	48.641586	11.4536555	333.5	229.75	
4	48.77457075	11.38784875	1.0	84.0	
4	48.8012215	11.758422	53.25	143.25	
4	48.77349725	11.39685025	79.5	355.75	
4	48.88536775	11.1893215	311.5	26.25	
4	48.77506125	11.3962835	253.5	336.75	
4	48.85057025	11.458554	1.75	291.0	
4	48.77360775	11.3878145	1.25	85.0	
4	48.779885	11.4013365	314.0	220.25	
4	48.7669985	11.7049645	194.75	122.75	
4	48.72633425	11.44186175	239.5	156.75	
4	48.77395875	11.43748175	347.25	84.0	
4	48.79822125	11.76251625	354.75	269.0	
4	48.886041	11.41362975	115.75	188.25	
4	48.818331	11.282662	1.75	273.5	
4	48.79530825	11.71573475	250.0	328.0	
4	48.787184	11.396806	247.5	158.0	
4	48.747514	11.467935	30.25	215.5	
4	48.7850175	11.390662	333.75	45.0	
4	48.77683	11.28524725	180.5	54.5	
4	48.53623425	11.4856075	55.5	326.75	
4	48.710056	11.48394125	358.5	98.5	
4	48.78974575	11.37665825	195.0	93.75	
4	48.711407	11.48380575	167.0	239.75	
4	48.828542	11.316304	89.5	169.0	
3	48.7922613333	11.406154	195.666666667	28.3333333333	
3	48.7680973333	11.410083	7.33333333333	131.333333333	
3	48.786739	11.397188	152.666666667	70.6666666667	
3	48.6934936667	10.9411303333	280.0	8.0	
3	48.777178	11.561535	80.0	237.333333333	
3	48.799682	11.7704266667	127.666666667	210.333333333	
3	48.8006183333	11.7591676667	157.333333333	248.0	
3	48.7799703333	11.401511	316.333333333	35.3333333333	
3	48.804373	11.289569	265.333333333	345.333333333	
3	48.8078443333	11.47008	187.666666667	272.666666667	
3	48.6234583333	11.441276	202.666666667	358.333333333	
3	48.7747923333	11.4168953333	101.666666667	174.0	
3	48.6403256667	11.4184776667	18.6666666667	306.666666667	
3	48.7680113333	11.537666	7.33333333333	81.6666666667	
3	48.606028	11.4062323333	331.333333333	55.0	
3	48.80972	11.46816	271.666666667	356.0	
3	48.7814073333	11.7661786667	282.666666667	204.666666667	
3	48.789756	11.377023	12.3333333333	90.6666666667	
3	48.7812836667	11.364076	136.333333333	31.6666666667	
3	48.6838273333	11.61166	194.666666667	76.3333333333	
3	48.789806	11.2267146667	206.333333333	129.0	
3	48.768006	11.2888516667	256.666666667	20.6666666667	
3	48.7756176667	11.459628	65.6666666667	206.0	
3	48.791721	11.7631903333	166.333333333	77.0	
3	48.743537	11.4742006667	19.6666666667	294.666666667	
3	48.7181683333	11.6691196667	178.666666667	251.0	
3	48.7831176667	11.4181276667	3.66666666667	88.6666666667	
3	48.7896686667	11.4210083333	215.0	303.0	
3	48.894213	11.414381	359.0	77.6666666667	
3	48.7696233333	11.3946183333	115.333333333	196.666666667	
3	48.7813903333	11.7662316667	195.666666667	102.666666667	
3	48.7777526667	11.319516	358.0	177.0	
3	48.801495	11.4039396667	11.3333333333	91.6666666667	
3	48.7867603333	11.397365	151.0	350.666666667	
3	48.8258556667	11.31758	342.333333333	264.0	
3	48.7893506667	11.2314153333	281.0	0.666666666667	
3	48.8779673333	11.4143643333	17.3333333333	259.333333333	
3	48.7723586667	11.456732	269.0	3.0	
3	48.7816373333	11.4032723333	34.3333333333	305.666666667	
3	48.7859136667	11.4086383333	40.3333333333	115.0	
3	48.623645	11.4448373333	145.333333333	229.666666667	
3	48.7736736667	11.38932	87.6666666667	4.33333333333	
3	48.817822	11.4611516667	6.66666666667	265.0	
3	48.7869613333	11.397276	250.0	129.333333333	
3	48.7359346667	11.474769	75.0	3.33333333333	
3	48.8886703333	11.261181	308.333333333	237.0	
3	48.5719546667	11.2666783333	125.0	215.0	
3	48.7751806667	11.4170913333	4.66666666667	275.666666667	
3	48.7787383333	11.4225426667	267.333333333	0.333333333333	
3	48.76706	11.7049936667	301.666666667	13.0	
3	48.77613	11.426992	299.333333333	40.6666666667	
3	48.734466	11.1797556667	100.666666667	30.3333333333	
3	48.7958303333	11.5448543333	182.0	276.666666667	
3	48.7914233333	11.3772306667	195.666666667	124.0	
3	48.7777323333	11.3193873333	358.0	263.666666667	
3	48.8579173333	11.418667	0.666666666667	81.3333333333	
3	48.762784	11.7107676667	315.0	55.0	
3	48.9476336667	11.390972	62.6666666667	233.0	
3	48.8121853333	11.580484	73.3333333333	182.333333333	
3	48.762821	11.7106553333	201.333333333	278.0	
3	48.57232	11.2661533333	224.666666667	125.0	
3	48.7769553333	11.452219	12.6666666667	286.0	
3	48.8011213333	11.757238	241.0	311.333333333	
3	48.7723816667	11.4588203333	86.0	359.0	
3	48.8891773333	11.1913046667	22.3333333333	113.0	
3	48.7680253333	11.2889223333	259.333333333	79.0	
3	48.718158	11.669045	330.666666667	245.666666667	
3	48.7760703333	11.3878466667	273.333333333	1.33333333333	
3	48.8470783333	11.3218786667	303.666666667	31.3333333333	
3	48.8112243333	11.468187	4.66666666667	86.3333333333	
3	48.746583	11.4672633333	123.666666667	32.6666666667	
2	48.828716	11.316343	1.0	269.0	
2	48.8188625	11.334567	281.0	1.0	
2	48.585813	11.3985735	279.0	67.5	
2	48.7925925	11.4066965	126.5	205.0	
2	48.7879365	11.383554	92.5	358.5	
2	48.737665	11.182407	24.5	106.0	
2	48.769008	11.627023	183.0	103.0	
2	48.8168845	11.4686335	30.0	117.5	
2	48.7976225	11.75369	30.5	124.0	
2	48.811256	11.4703455	91.5	174.0	
2	48.777978	11.7212845	29.5	210.5	
2	48.7661525	11.410088	78.5	358.5	
2	48.7770135	11.3876845	175.5	89.0	
2	48.7546955	11.541661	137.0	47.5	
2	48.682577	11.612226	170.0	94.0	
2	48.7879535	11.3788695	3.5	88.0	
2	48.8095125	11.470284	1.5	279.5	
2	48.8887685	11.191064	19.0	198.0	
2	48.801408	11.634	82.5	203.0	
2	48.8166325	11.7118625	258.0	175.5	
2	48.7557275	11.429416	346.5	257.0	
2	48.847078	11.275854	143.5	349.5	
2	48.791347	11.42232	102.5	181.0	
2	48.7777015	11.3194685	261.0	173.5	
2	48.8515945	11.417382	7.5	78.5	
2	48.583112	11.097573	281.0	357.5	
2	48.787189	11.376339	183.5	93.0	
2	48.8252865	11.332133	153.0	70.0	
2	48.645519	11.5190465	65.0	197.0	
2	48.7969795	11.4587275	104.5	15.5	
2	48.83278	11.370199	353.0	281.5	
2	48.8200145	11.334347	0.5	260.0	
2	48.7416605	11.4477075	301.0	77.0	
2	48.851745	11.4590895	24.5	313.5	
2	48.7627765	11.71075	351.0	278.5	
2	48.8033785	11.353056	200.5	111.5	
2	48.775186	11.4143425	272.5	98.0	
2	48.7890295	11.693573	25.0	139.0	
2	48.8109065	11.35651	116.5	208.5	
2	48.7852585	11.6937665	184.0	254.0	
2	48.742296	11.478468	109.5	27.5	
2	48.7727005	11.426026	188.0	116.0	
2	48.7698855	11.4339685	115.0	40.0	
2	48.746435	11.4671835	40.5	122.5	
2	48.8013835	11.634113	21.5	286.0	
2	48.76946	11.6270065	256.5	181.5	
2	48.6249445	11.441253	14.5	90.0	
2	48.816898	11.4687885	27.0	165.5	
2	48.790271	11.5181985	245.5	326.0	
2	48.6398655	11.336188	227.0	306.0	
2	48.8520025	11.4583435	312.0	195.5	
2	48.761001	11.6948045	63.0	241.0	
2	48.8892165	11.1910745	290.5	195.0	
2	48.801912	11.366067	190.0	106.5	
2	48.6931815	10.942496	48.0	280.0	
2	48.7355435	11.458347	345.0	62.0	
2	48.7923465	11.762093	230.0	314.5	
2	48.776958	11.387583	261.5	181.5	
2	48.774814	11.6194205	305.5	28.5	
2	48.5833165	11.094772	65.0	278.5	
2	48.8034205	11.353052	288.0	18.5	
2	48.7867675	11.3973325	339.5	161.0	
2	48.8010285	11.759108	67.0	269.0	
2	48.771707	11.4381205	171.5	85.0	
2	48.7849115	11.3898875	238.0	149.5	
2	48.7840815	11.482578	26.0	193.0	
2	48.813205	11.409142	48.0	303.5	
2	48.8867105	11.189876	198.5	21.0	
2	48.7361655	11.180441	103.0	182.5	
2	48.776874	11.3892075	91.0	272.5	
2	48.8509975	11.4167595	339.5	76.0	
2	48.7352535	11.1801795	185.0	36.5	
2	48.7696815	11.3946265	19.5	295.0	
2	48.768682	11.6758215	338.0	265.0	
2	48.7112725	11.474214	125.0	41.5	
2	48.7465035	11.46709	303.5	214.0	
2	48.674539	11.298259	135.0	48.5	
2	48.78963	11.3809595	197.0	274.5	
2	48.774322	11.4599865	181.5	310.5	
2	48.7860105	11.4084485	298.0	217.5	
2	48.787147	11.3787635	93.0	3.5	
2	48.729564	11.15783	99.0	26.5	
2	48.710647	11.4448695	172.5	247.0	
2	48.773685	11.4170325	177.0	271.0	
2	48.7934735	11.4120795	297.0	21.0	
2	48.850984	11.457547	319.0	240.0	
2	48.7368065	11.1752505	328.0	75.5	
2	48.886035	11.4136385	290.5	188.0	
2	48.710077	11.5156865	357.0	234.0	
2	48.7332395	11.6067725	166.0	238.5	
2	48.70926	11.5008445	332.0	47.5	
2	48.774917	11.396525	344.5	65.0	
2	48.6643405	11.3886535	325.0	251.0	
2	48.778758	11.4032125	306.0	223.5	
2	48.9500805	11.3940845	356.5	83.5	
2	48.78149	11.364046	285.5	33.0	
2	48.771732	11.310837	66.5	350.0	
2	48.8943305	11.419034	93.0	9.5	
2	48.851049	11.457706	192.5	332.0	
2	48.71198	11.476526	297.0	53.5	
2	48.7833	11.43009	346.5	272.0	
2	48.8161635	11.4135755	55.5	216.0	
2	48.7077365	11.5019225	162.0	74.5	
2	48.887645	11.190655	297.5	15.5	
2	48.6426865	11.3269285	266.5	344.5	
2	48.7736505	11.3887105	88.0	3.5	
2	48.887399	11.4120225	231.0	150.5	
2	48.7867105	11.397196	151.5	58.0	
2	48.7974485	11.365141	284.5	3.5	
2	48.8095755	11.581802	12.0	98.0	
2	48.7443135	11.4715905	125.5	202.5	
2	48.8891195	11.1911245	117.0	195.5	
2	48.786029	11.6941455	185.5	101.0	
2	48.678365	11.616821	147.5	63.0	
2	48.736307	11.4566805	290.0	20.5	
2	48.7602135	11.6923195	246.5	337.5	
2	48.7816405	11.4032505	221.5	302.5	
2	48.7738525	11.397447	272.5	20.5	
2	48.8599715	11.4570255	215.0	316.0	
2	48.538278	11.508067	244.5	349.0	
2	48.833051	11.2998925	308.5	238.0	
2	48.7750735	11.4146465	98.5	177.0	
2	48.8949255	11.1775565	322.0	57.0	
2	48.709993	11.5157725	56.0	176.5	
2	48.77877	11.42489	181.0	261.0	
2	48.834268	11.4156245	352.0	270.5	
1	48.777793	11.319624	0.0	80.0	
1	48.718173	11.669221	69.0	358.0	
1	48.794906	11.402978	281.0	10.0	
1	48.712325	11.444003	156.0	239.0	
1	48.769927	11.630519	86.0	5.0	
1	48.887634	11.256874	263.0	83.0	
1	48.737285	11.18011	88.0	165.0	
1	48.787139	11.377526	3.0	91.0	
1	48.629676	11.307929	352.0	78.0	
1	48.769584	11.65033	336.0	264.0	
1	48.766139	11.410071	79.0	1.0	
1	48.805499	11.501891	262.0	338.0	
1	48.774658	11.388107	266.0	352.0	
1	48.767967	11.653048	176.0	282.0	
1	48.788005	11.383326	270.0	183.0	
1	48.691001	11.640548	189.0	263.0	
1	48.768775	11.705853	18.0	191.0	
1	48.816814	11.711859	158.0	269.0	
1	48.735156	11.676238	352.0	133.0	
1	48.820022	11.334238	358.0	260.0	
1	48.810268	11.461164	307.0	130.0	
1	48.875862	11.328869	337.0	263.0	
1	48.648944	11.479681	144.0	250.0	
1	48.782588	11.434293	56.0	144.0	
1	48.593082	11.280667	29.0	128.0	
1	48.647857	11.615611	111.0	201.0	
1	48.81573	11.317885	89.0	7.0	
1	48.800373	11.404467	184.0	279.0	
1	48.582881	11.274078	178.0	31.0	
1	48.774394	11.458532	182.0	67.0	
1	48.767414	11.417266	214.0	306.0	
1	48.630298	11.436065	273.0	62.0	
1	48.585685	11.386769	99.0	9.0	
1	48.743415	11.474348	24.0	113.0	
1	48.745166	11.678586	210.0	282.0	
1	48.871028	11.271642	312.0	26.0	
1	48.822257	11.450316	355.0	73.0	
1	48.775768	11.389482	16.0	295.0	
1	48.781486	11.403235	127.0	216.0	
1	48.790451	11.226823	210.0	113.0	
1	48.772071	11.409478	251.0	162.0	
1	48.593116	11.280409	306.0	207.0	
1	48.859744	11.45703	211.0	99.0	
1	48.80149	11.404483	0.0	253.0	
1	48.787013	11.381014	92.0	3.0	
1	48.79013	11.5181	149.0	232.0	
1	48.775402	11.38789	1.0	85.0	
1	48.772209	11.451667	268.0	358.0	
1	48.774566	11.387855	359.0	95.0	
1	48.749969	11.459705	121.0	359.0	
1	48.729209	11.442348	326.0	81.0	
1	48.825992	11.316767	264.0	71.0	
1	48.721813	11.509817	207.0	292.0	
1	48.755714	11.427316	273.0	351.0	
1	48.772518	11.38966	258.0	356.0	
1	48.776622	11.389177	86.0	2.0	
1	48.767646	11.411849	227.0	297.0	
1	48.828773	11.318241	184.0	262.0	
1	48.769523	11.421292	250.0	334.0	
1	48.764091	11.432549	246.0	334.0	
1	48.770164	11.399166	16.0	97.0	
1	48.801963	11.227895	357.0	263.0	
1	48.801982	11.227817	355.0	105.0	
1	48.752273	11.683529	264.0	98.0	
1	48.895416	11.45663	0.0	265.0	
1	48.546398	11.51135	95.0	353.0	
1	48.77433	11.400253	147.0	333.0	
1	48.783836	11.48242	116.0	18.0	
1	48.775806	11.458544	139.0	239.0	
1	48.77428	11.388896	4.0	98.0	
1	48.792518	11.405918	304.0	46.0	
1	48.778545	11.422748	238.0	354.0	
1	48.793533	11.578277	105.0	19.0	
1	48.791732	11.763164	254.0	347.0	
1	48.816337	11.312526	52.0	138.0	
1	48.780395	11.765567	311.0	190.0	
1	48.795825	11.402933	146.0	61.0	
1	48.785552	11.448629	3.0	280.0	
1	48.712272	11.440991	237.0	54.0	
1	48.774444	11.410072	159.0	250.0	
1	48.78358	11.607321	95.0	165.0	
1	48.755569	11.429387	86.0	162.0	
1	48.772296	11.456767	83.0	2.0	
1	48.847084	11.275345	318.0	150.0	
1	48.774856	11.458652	179.0	287.0	
1	48.793556	11.489053	28.0	287.0	
1	48.683814	11.611702	358.0	73.0	
1	48.822128	11.450088	254.0	176.0	
1	48.750255	11.458852	121.0	302.0	
1	48.768341	11.400008	104.0	226.0	
1	48.811077	11.356496	28.0	296.0	
1	48.808696	11.769375	99.0	174.0	
1	48.788993	11.693499	316.0	209.0	
1	48.561981	11.259419	17.0	292.0	
1	48.781448	11.766484	23.0	197.0	
1	48.775154	11.409752	249.0	172.0	
1	48.76321	11.710941	22.0	262.0	
1	48.786972	11.405147	137.0	42.0	
1	48.798828	11.763825	24.0	204.0	
1	48.772857	11.438816	83.0	2.0	
1	48.747447	11.468162	34.0	125.0	
1	48.682254	11.286813	140.0	245.0	
1	48.766876	11.704854	44.0	115.0	
1	48.887893	11.265866	204.0	133.0	
1	48.579666	11.181338	278.0	161.0	
1	48.688125	11.611201	303.0	112.0	
1	48.928169	11.458559	89.0	18.0	
1	48.686508	11.609084	1.0	76.0	
1	48.779609	11.376382	284.0	356.0	
1	48.7443	11.482078	167.0	241.0	
1	48.728446	11.448907	200.0	285.0	
1	48.62519	11.441569	45.0	323.0	
1	48.775997	11.389361	181.0	268.0	
1	48.84766	11.619415	149.0	76.0	
1	48.776702	11.38707	266.0	184.0	
1	48.775829	11.388639	257.0	182.0	
1	48.742191	11.478407	202.0	111.0	
1	48.790035	11.376769	281.0	158.0	
1	48.767448	11.411634	16.0	304.0	
1	48.586116	11.400183	74.0	153.0	
1	48.805519	11.775611	175.0	250.0	
1	48.709979	11.483786	1.0	72.0	
1	48.819831	11.333338	159.0	73.0	
1	48.853126	11.462668	169.0	242.0	
1	48.771518	11.387225	172.0	64.0	
1	48.822933	11.46103	181.0	262.0	
1	48.770442	11.40392	91.0	264.0	
1	48.802009	11.405714	130.0	5.0	
1	48.784786	11.390639	41.0	321.0	
1	48.702213	10.931193	160.0	1.0	
1	48.771919	11.41976	346.0	259.0	
1	48.732967	11.452807	212.0	75.0	
1	48.754791	11.44844	128.0	204.0	
1	48.734413	11.458781	16.0	100.0	
1	48.763496	11.71212	62.0	350.0	
1	48.737384	11.182011	4.0	292.0	
1	48.833068	11.30009	59.0	129.0	
1	48.838142	11.21772	131.0	41.0	
1	48.886688	11.189898	205.0	118.0	
1	48.68365	11.606743	266.0	349.0	
1	48.780311	11.433649	338.0	93.0	
1	48.754707	11.430829	167.0	264.0	
1	48.72882	11.247987	288.0	108.0	
1	48.644317	10.955785	265.0	337.0	
1	48.771873	11.46634	110.0	353.0	
1	48.885589	11.202406	33.0	108.0	
1	48.729122	11.441829	239.0	151.0	
1	48.781951	11.418068	273.0	357.0	
1	48.769031	11.627083	283.0	9.0	
1	48.795944	11.688094	190.0	113.0	
1	48.816802	11.711934	262.0	339.0	
1	48.794143	11.409422	292.0	212.0	
1	48.770938	11.435766	321.0	237.0	
1	48.799125	11.769895	298.0	30.0	
1	48.850597	11.458529	359.0	287.0	
1	48.797347	11.441197	356.0	276.0	
1	48.94881	11.39442	320.0	220.0	
1	48.797592	11.763068	85.0	11.0	
1	48.56203	11.259237	224.0	294.0	
1	48.737464	11.454738	336.0	253.0	
1	48.783142	11.784453	124.0	357.0	
1	48.781337	11.41454	152.0	79.0	
1	48.690978	11.640461	189.0	9.0	
1	48.624996	11.303189	253.0	41.0	
1	48.768341	11.400035	104.0	201.0	
1	48.795925	11.44128	295.0	10.0	
1	48.58443	11.398486	298.0	42.0	
1	48.580581	11.380182	273.0	164.0	
1	48.735603	11.473809	82.0	164.0	
1	48.775287	11.398069	70.0	143.0	
1	48.728496	11.255042	94.0	178.0	
1	48.768279	11.619142	159.0	78.0	
1	48.774021	11.438877	1.0	266.0	
1	48.776237	11.31978	216.0	30.0	
1	48.722469	11.44011	19.0	94.0	
1	48.644611	11.519394	164.0	239.0	
1	48.769218	11.706418	41.0	230.0	
1	48.789585	11.381124	7.0	296.0	
1	48.789825	11.377145	73.0	2.0	
1	48.798034	11.762021	266.0	352.0	
1	48.770141	11.399088	277.0	196.0	
1	48.723331	11.443961	102.0	337.0	
1	48.798587	11.762444	356.0	175.0	
1	48.796092	11.688035	297.0	192.0	
1	48.786106	11.694046	283.0	4.0	
1	48.535701	11.484878	322.0	53.0	
1	48.754474	11.704843	74.0	247.0	
1	48.581302	11.364563	281.0	206.0	
1	48.775234	11.424964	176.0	256.0	
1	48.819854	11.334433	73.0	182.0	
1	48.774993	11.383118	324.0	46.0	
1	48.627849	11.445146	27.0	209.0	
1	48.73912	11.472145	92.0	184.0	
1	48.861007	11.366897	344.0	67.0	
1	48.781822	11.421445	97.0	266.0	
1	48.89212	11.182479	14.0	288.0	
1	48.934211	11.438898	298.0	14.0	
1	48.787086	11.384823	191.0	268.0	
1	48.795246	11.763009	189.0	271.0	
1	48.76387	11.38528	276.0	4.0	
1	48.857482	11.601201	12.0	122.0	
1	48.586116	11.400155	72.0	218.0	
1	48.803146	11.766222	17.0	89.0	
1	48.784687	11.390109	46.0	148.0	
1	48.80109	11.758869	54.0	183.0	
1	48.79964	11.365199	11.0	300.0	
1	48.795165	11.57845	344.0	98.0	
1	48.755599	11.707175	70.0	246.0	
1	48.766246	11.41131	76.0	168.0	
1	48.703716	10.929827	87.0	159.0	
1	48.80268	11.404474	22.0	132.0	
1	48.818202	11.420541	336.0	246.0	
1	48.787479	11.236489	352.0	255.0	
1	48.63853	11.45598	247.0	331.0	
1	48.827629	11.385994	270.0	190.0	
1	48.800628	11.759367	154.0	72.0	
1	48.768222	11.399021	289.0	108.0	
1	48.799385	11.770268	212.0	140.0	
1	48.779277	11.434503	185.0	82.0	
1	48.762737	11.710747	316.0	31.0	
1	48.796901	11.764737	183.0	267.0	
1	48.830295	11.586884	170.0	286.0	
1	48.713611	11.443322	236.0	324.0	
1	48.586131	11.080525	18.0	89.0	
1	48.774822	11.436981	160.0	246.0	
1	48.79597	11.402644	218.0	60.0	
1	48.744491	11.482375	181.0	77.0	
1	48.817909	11.420626	75.0	153.0	
1	48.776588	11.45557	272.0	359.0	
1	48.778419	11.285157	359.0	289.0	
1	48.623268	11.444186	240.0	317.0	
1	48.780395	11.419145	266.0	191.0	
1	48.851436	11.417198	259.0	188.0	
1	48.581184	11.364476	271.0	98.0	
1	48.788524	11.385374	309.0	197.0	
1	48.795677	11.405014	99.0	283.0	
1	48.788349	11.520512	153.0	327.0	
1	48.817771	11.461177	86.0	192.0	
1	48.684913	11.613632	21.0	306.0	
1	48.792404	11.405931	199.0	126.0	
1	48.738586	11.456061	205.0	90.0	
1	48.86267	11.366371	3.0	278.0	
1	48.812	11.746394	225.0	137.0	
1	48.788032	11.404982	147.0	227.0	
1	48.808574	11.371913	145.0	221.0	
1	48.773723	11.470163	70.0	185.0	
1	48.784885	11.805355	106.0	181.0	
1	48.583221	11.091539	28.0	316.0	
1	48.786731	11.338711	174.0	104.0	
1	48.781246	11.419086	18.0	90.0	
1	48.68383	11.611534	94.0	175.0	
1	48.687919	11.612338	358.0	273.0	
1	48.776729	11.38751	352.0	266.0	
1	48.779396	11.439241	287.0	18.0	
1	48.630226	11.436016	238.0	91.0	
1	48.787025	11.381106	272.0	359.0	
1	48.535243	11.485241	43.0	322.0	
1	48.818801	11.334733	86.0	2.0	
1	48.754104	11.431138	165.0	261.0	
1	48.632644	11.321309	42.0	307.0	
1	48.722347	11.44118	194.0	282.0	
1	48.774101	11.409059	247.0	160.0	
1	48.787902	11.378801	268.0	85.0	
1	48.772628	11.388013	1.0	249.0	
1	48.83514	11.548885	221.0	151.0	
1	48.792312	11.406158	209.0	6.0	
1	48.586688	11.043621	192.0	269.0	
1	48.816173	11.683539	276.0	164.0	
1	48.744075	11.434008	169.0	80.0	
1	48.812927	11.409005	128.0	42.0	
1	48.78078	11.425363	270.0	89.0	
1	48.83641	11.358004	112.0	18.0	
1	48.805534	11.775766	68.0	355.0	
1	48.730987	11.445158	57.0	225.0	
1	48.788696	11.236896	80.0	182.0	
1	48.780677	11.767217	146.0	355.0	
1	48.944503	11.372208	101.0	277.0	
1	48.781913	11.432103	70.0	151.0	
1	48.806224	11.775568	275.0	177.0	
1	48.715248	11.466362	292.0	8.0	
1	48.535381	11.485011	228.0	359.0	
1	48.771484	11.387661	140.0	31.0	
1	48.785953	11.429005	300.0	211.0	
1	48.546386	11.511289	348.0	278.0	
1	48.778728	11.4033	47.0	125.0	
1	48.780338	11.433614	271.0	156.0	
1	48.948844	11.394273	287.0	217.0	
1	48.728664	11.255047	183.0	268.0	
1	48.638442	11.457083	231.0	305.0	
1	48.835643	11.212862	280.0	3.0	
1	48.790832	11.422102	184.0	257.0	
1	48.775024	11.459094	10.0	85.0	
1	48.809326	11.37053	298.0	203.0	
1	48.784786	11.390545	84.0	13.0	
1	48.527259	11.481796	180.0	355.0	
1	48.787269	11.398021	72.0	349.0	
1	48.818679	11.334577	187.0	98.0	
1	48.784332	11.785288	97.0	252.0	
1	48.563262	11.255996	297.0	25.0	
1	48.710674	11.445267	358.0	84.0	
1	48.776439	11.452339	283.0	12.0	
1	48.741435	11.482333	201.0	284.0	
1	48.777835	11.45554	9.0	172.0	
1	48.89405	11.411538	233.0	146.0	
1	48.755733	11.717445	236.0	321.0	
1	48.735565	11.473137	152.0	79.0	
1	48.81776	11.460401	260.0	182.0	
1	48.777549	11.323198	100.0	251.0	
1	48.7732	11.422971	62.0	351.0	
1	48.769802	11.702373	155.0	84.0	
1	48.7425	11.483148	22.0	301.0	
1	48.852264	11.420781	86.0	350.0	
1	48.886096	11.413726	6.0	101.0	
1	48.819896	11.727818	320.0	226.0	
1	48.757049	11.423179	233.0	113.0	
1	48.789749	11.376894	74.0	354.0	
1	48.773387	11.396976	8.0	85.0	
1	48.810382	11.461348	19.0	128.0	
1	48.730171	11.444209	309.0	56.0	
1	48.785774	11.37611	183.0	278.0	
1	48.758628	11.439322	208.0	116.0	
1	48.77687	11.285187	234.0	359.0	
1	48.807807	11.470252	93.0	357.0	
1	48.633342	11.35856	358.0	256.0	
1	48.825355	11.332219	353.0	66.0	
1	48.776973	11.389167	0.0	270.0	
1	48.74583	11.481983	342.0	161.0	
1	48.756042	11.687879	35.0	323.0	
1	48.77219	11.45275	84.0	329.0	
1	48.79211	11.424024	179.0	250.0	
1	48.774497	11.460535	182.0	267.0	
1	48.859104	11.239943	258.0	359.0	
1	48.7728	11.438764	179.0	261.0	
1	48.819068	11.448984	105.0	7.0	
1	48.687923	11.612316	52.0	177.0	
1	48.585777	11.082157	95.0	273.0	
1	48.901061	11.411996	351.0	90.0	
1	48.806846	11.288785	173.0	96.0	
1	48.775627	11.495844	122.0	7.0	
1	48.825866	11.316821	264.0	348.0	
1	48.769035	11.631335	287.0	4.0	
1	48.775562	11.459739	24.0	311.0	
1	48.769393	11.414108	85.0	207.0	
1	48.773815	11.422826	354.0	272.0	
1	48.789813	11.412999	287.0	28.0	
1	48.709033	11.515915	183.0	353.0	
1	48.772144	11.456736	89.0	173.0	
1	48.685245	11.61274	301.0	213.0	
1	48.773017	11.811458	156.0	55.0	
1	48.774738	11.619323	5.0	123.0	
1	48.771175	11.438157	168.0	359.0	
1	48.737483	11.183604	99.0	274.0	
1	48.801094	11.757538	328.0	49.0	
1	48.748863	11.433349	168.0	254.0	
1	48.582572	11.091194	346.0	83.0	
1	48.770191	11.414552	207.0	331.0	
1	48.768917	11.630275	75.0	359.0	
1	48.769657	11.394843	197.0	117.0	
1	48.768623	11.294193	259.0	142.0	
1	48.76839	11.61904	267.0	337.0	
1	48.644119	11.517869	248.0	334.0	
1	48.788005	11.383638	80.0	241.0	
1	48.797908	11.547312	232.0	96.0	
1	48.738407	11.456932	90.0	205.0	
1	48.680328	11.615538	160.0	314.0	
1	48.723495	11.444494	80.0	343.0	
1	48.78133	11.767323	81.0	185.0	
1	48.644569	11.51113	267.0	85.0	
1	48.763915	11.713079	61.0	231.0	
1	48.580158	11.08765	164.0	84.0	
1	48.775218	11.388788	358.0	89.0	
1	48.627716	11.586813	87.0	7.0	
1	48.710605	11.444904	77.0	170.0	
1	48.781089	11.424032	324.0	150.0	
1	48.678695	11.292247	133.0	44.0	
1	48.746631	11.467338	311.0	25.0	
1	48.713314	11.443271	60.0	144.0	
1	48.809196	11.462534	133.0	276.0	
1	48.711982	11.442401	239.0	47.0	
1	48.797573	11.762631	195.0	65.0	
1	48.687835	11.612397	95.0	179.0	
1	48.812293	11.580252	359.0	255.0	
1	48.735191	11.180371	187.0	76.0	
1	48.751964	11.272644	208.0	115.0	
1	48.765174	11.437741	279.0	354.0	
1	48.81673	11.711848	0.0	272.0	
1	48.762882	11.756806	164.0	242.0	
1	48.723606	11.441755	12.0	104.0	
1	48.766742	11.438659	265.0	168.0	
1	48.804859	11.459322	218.0	307.0	
1	48.808715	11.480596	255.0	336.0	
1	48.764087	11.394832	164.0	72.0	
1	48.76987	11.630372	188.0	264.0	
1	48.6324	11.358839	272.0	357.0	
1	48.894702	11.419149	180.0	76.0	
1	48.847095	11.321849	226.0	123.0	
1	48.77161	11.417201	74.0	0.0	
1	48.775196	11.409611	147.0	247.0	
1	48.775825	11.495728	282.0	13.0	
1	48.787219	11.376457	2.0	91.0	
1	48.799106	11.769887	297.0	53.0	
1	48.787364	11.398096	73.0	250.0	
1	48.738468	11.456458	120.0	15.0	
1	48.683448	11.611526	260.0	163.0	
1	48.807346	11.464098	185.0	81.0	
1	48.791393	11.377329	218.0	125.0	
1	48.644985	11.513343	353.0	266.0	
1	48.79858	11.764782	253.0	178.0	
1	48.772998	11.466397	356.0	77.0	
1	48.588737	11.044008	290.0	178.0	
1	48.807311	11.499509	272.0	343.0	
1	48.774978	11.417179	94.0	6.0	
1	48.788352	11.385317	137.0	34.0	
1	48.767776	11.652743	207.0	282.0	
1	48.864414	11.239642	18.0	103.0	
1	48.776958	11.420405	90.0	176.0	
1	48.858173	11.418618	351.0	84.0	
1	48.797893	11.227811	100.0	359.0	
1	48.791465	11.406713	220.0	303.0	
1	48.947566	11.390969	63.0	332.0	
1	48.784709	11.47941	287.0	113.0	
1	48.729736	11.442507	241.0	354.0	
1	48.762088	11.537877	257.0	352.0	
1	48.792549	11.761044	153.0	2.0	
1	48.808959	11.482319	70.0	257.0	
1	48.775524	11.495762	121.0	339.0	
1	48.785461	11.657984	62.0	194.0	
1	48.85139	11.417078	4.0	76.0	
1	48.790183	11.51856	328.0	60.0	
1	48.775504	11.495606	97.0	346.0	
1	48.884548	11.269241	283.0	200.0	
1	48.762142	11.537593	258.0	139.0	
1	48.71809	11.669252	64.0	153.0	
1	48.78273	11.400732	127.0	209.0	
1	48.772762	11.425993	294.0	7.0	
1	48.775196	11.416994	183.0	274.0	
1	48.581176	11.364422	273.0	176.0	
1	48.653251	11.527171	63.0	287.0	
1	48.781616	11.607592	300.0	17.0	
1	48.737052	11.180271	91.0	213.0	
1	48.776088	11.45827	102.0	206.0	
1	48.817573	11.69656	257.0	177.0	
1	48.776893	11.388566	358.0	262.0	
1	48.745506	11.469524	123.0	307.0	
1	48.776439	11.422492	88.0	172.0	
1	48.948818	11.394514	341.0	227.0	
1	48.540187	11.513216	161.0	238.0	
1	48.791191	11.422334	102.0	211.0	
1	48.816898	11.461084	188.0	105.0	
1	48.538459	11.49111	202.0	23.0	
1	48.792632	11.761166	158.0	229.0	
1	48.779632	11.415485	157.0	240.0	
1	48.745902	11.482109	347.0	70.0	
1	48.685916	11.612607	173.0	77.0	
