9.17474521279
8.74651023077
12.4055387496
8.45650535169
9.61825899797
10.1386323503
8.97923047366
7.01768065653
9.15477250638
9.7438468672
17.3900085119
11.2811351932
13.4118430716
8.11094672885
11.0510436168
7.62678791559
14.0780974496
9.08502397437
9.79486569787
9.87999042757
7.93418452551
6.08980084834
9.94927481994
10.2449072027
7.90818064166
6.16532615676
8.51904780595
5.18031076801
10.271808658
11.6952189219
9.81354466684
8.92063563728
8.09926898142
9.25215743125
9.52609031159
9.10172958558
9.00023460328
9.18501335448
10.0044337832
8.69685837679
8.62350746985
8.6736839179
12.1322011211
10.8336786096
8.06758771933
13.71637167
8.16544401405
6.1575780193
8.19424946706
9.68583225813
8.91810301054
14.0788259332
9.67372658488
7.4526767962
7.45244802364
9.61748790643
8.68403473614
10.7255468291
10.2939947298
12.4691080656
8.93711070926
10.6776785016
11.5377219409
7.6819337988
9.7970110365
