0.168240775894
0.163076307179
0.254039548368
0.170733259179
0.165439245481
0.175956062124
0.169751238155
0.127135215881
0.165460569885
0.324147646053
0.42266297655
0.219912679249
0.294067500185
0.164441192116
0.199509270574
0.145049726348
0.217849681341
0.159824018503
0.154762045745
0.169027820349
0.166955257662
0.150347300551
0.171394841208
0.178392709493
0.145488268594
0.107594281656
0.143691465679
0.159007250787
0.178011976699
0.212111972435
0.189451595014
0.195062791001
0.134140330646
0.201168583062
0.175695258427
0.164332055974
0.159718411784
0.170756718293
0.199807274263
0.141273009336
0.139651657178
0.134381133594
0.214376768738
0.184950901688
0.172655197002
0.281159151241
0.19280381232
0.182948521386
0.13673177942
0.218829220996
0.15746349039
0.324353828468
0.187808902426
0.123450271769
0.133077073237
0.162118581248
0.135390394133
0.208408452286
0.166956649017
0.197536396761
0.163070560366
0.171221154215
0.170497689993
0.132411641581
0.186824488637
