5.94386226934
6.132098631
3.93639496851
5.85708961927
6.04451499458
5.68323698501
5.89097323158
7.86564126289
6.04373598311
3.08501391936
2.36595125545
4.54725940958
3.40057979672
6.08120135311
5.01229841161
6.89418742924
4.59032115102
6.25688184647
6.46153257529
5.9161858559
5.98962868257
6.65126674263
5.83448132365
5.60561024518
6.87340642422
9.29417423125
6.95935555585
6.28902138141
5.61759954887
4.71449107054
5.27839314272
5.1265543514
7.45487949213
4.97095513017
5.69167323553
6.08523999819
6.26101893218
5.85628495322
5.0048227908
7.07849294568
7.16067406722
7.44152079428
4.66468454528
5.40684036072
5.79189052728
3.55670443443
5.18661943438
5.46601848665
7.31358872269
4.56977361364
6.35067848124
3.08305286459
5.32456122731
8.10042769181
7.51444238798
6.16832439752
7.38604837073
4.79826988315
5.98957876722
5.06235821043
6.13231473392
5.84039983016
5.86518210331
7.55220604516
5.35261735384
