0	29	31.1725277778	1.07491475096
1	6	6.28822222222	1.04803703704
10	27	43.9907777778	1.62928806584
11	51	57.4410277778	1.12629466231
12	66	52.0435555556	0.788538720539
13	42	49.1927777778	1.17125661376
14	44	44.8826388889	1.02005997475
15	25	22.4209722222	0.896838888889
16	15	16.0533055556	1.07022037037
17	23	20.2531111111	0.880570048309
18	26	24.2984444444	0.934555555556
19	85	96.4575833333	1.13479509804
2	69	78.9969722222	1.14488365539
20	32	33.3997777778	1.04374305556
21	16	17.5703611111	1.09814756944
22	31	28.9468333333	0.933768817204
23	49	46.3645	0.946214285714
24	31	32.6244444444	1.05240143369
25	2	4.54152777778	2.27076388889
26	22	24.0637222222	1.09380555556
27	48	65.8261666667	1.37137847222
28	25	26.7723055556	1.07089222222
29	79	79.8616944444	1.01090752461
3	84	98.9770555556	1.17829828042
30	44	55.1278888889	1.25290656566
31	43	52.9110277778	1.23048901809
32	23	16.7916388889	0.730071256039
33	7	13.8346111111	1.97637301587
34	18	18.7905	1.04391666667
35	41	60.5379444444	1.47653523035
36	19	23.4438333333	1.23388596491
37	36	37.8878055556	1.05243904321
38	33	43.9805	1.33274242424
39	33	35.6450555556	1.08015319865
4	27	29.7351111111	1.10130041152
40	31	34.6726666667	1.11847311828
41	33	23.9805833333	0.726684343434
42	12	11.7043888889	0.975365740741
43	4	6.36902777778	1.59225694444
44	21	30.1205277778	1.43431084656
45	46	54.9708055556	1.19501751208
46	26	34.65825	1.33300961538
47	19	17.8641666667	0.940219298246
48	23	24.04125	1.04527173913
49	47	46.4596111111	0.988502364066
5	66	54.7411111111	0.829410774411
50	12	18.0531666667	1.50443055556
51	22	29.4058611111	1.33663005051
52	41	48.4818333333	1.18248373984
53	20	19.3219166667	0.966095833333
54	4	6.84338888889	1.71084722222
55	24	30.9852222222	1.29105092593
56	6	5.988	0.998
57	4	6.71294444444	1.67823611111
58	10	12.6287222222	1.26287222222
59	6	5.93466666667	0.989111111111
6	20	24.7237222222	1.23618611111
60	20	31.10625	1.5553125
61	15	12.0812777778	0.805418518519
62	8	5.63369444444	0.704211805556
63	7	6.50877777778	0.929825396825
7	14	11.3997777778	0.81426984127
8	73	85.3106944444	1.16863964992
9	4	6.26036111111	1.56509027778
29.515625	1889	32.7826388889	2098.08888889	