0	29	1699.94460903	58.6187796219
1	6	337.265424705	56.2109041175
10	27	1809.95271042	67.0352855713
11	51	2946.62409741	57.7769430864
12	66	2373.60469811	35.9637075471
13	42	2426.39933989	57.7714128546
14	44	2486.10001216	56.5022730035
15	25	1178.9060504	47.1562420161
16	15	1037.41258013	69.1608386753
17	23	1151.26625975	50.0550547716
18	26	1537.84475292	59.1478751125
19	85	5638.12512067	66.3308837726
2	69	3857.66706914	55.9082183933
20	32	1587.25160088	49.6016125275
21	16	711.685541461	44.4803463413
22	31	1680.33062121	54.2042135875
23	49	2662.66486646	54.3400993155
24	31	1773.33885745	57.2044792724
25	2	260.236878475	130.118439237
26	22	1426.66788895	64.8485404067
27	48	2144.55629106	44.6782560637
28	25	1544.83987594	61.7935950375
29	79	4403.33465988	55.7384134162
3	84	4902.38401133	58.3617144206
30	44	2855.61069021	64.9002429593
31	43	2419.73365386	56.2728756711
32	23	1013.86361093	44.081026562
33	7	636.282256662	90.8974652374
34	18	1018.80950916	56.6005282868
35	41	3352.967239	81.779688756
36	19	1321.07499469	69.5302628783
37	36	2037.98716372	56.6107545479
38	33	2202.12202795	66.730970544
39	33	2194.33281316	66.4949337321
4	27	1728.73128845	64.0270847576
40	31	2141.0415461	69.0658563258
41	33	1547.83632521	46.904131067
42	12	662.38520543	55.1987671192
43	4	373.07198489	93.2679962224
44	21	1407.42939813	67.0204475298
45	46	2681.75514356	58.2990248601
46	26	1467.81329993	56.4543576898
47	19	601.262033532	31.6453701859
48	23	1440.77697837	62.6424773204
49	47	2056.39812614	43.75315162
5	66	3154.19652668	47.7908564648
50	12	1022.45923548	85.2049362904
51	22	1276.38388594	58.0174493611
52	41	2497.21921561	60.9077857465
53	20	1166.46158762	58.323079381
54	4	383.236561787	95.8091404467
55	24	1838.16067046	76.5900279358
56	6	384.074515278	64.012419213
57	4	345.475431587	86.3688578968
58	10	778.645239739	77.8645239739
59	6	374.614507572	62.435751262
6	20	1307.79605741	65.3898028703
60	20	1704.78349603	85.2391748013
61	15	753.411578091	50.2274385394
62	8	381.236836715	47.6546045893
63	7	377.610302258	53.944328894
7	14	629.251301031	44.9465215022
8	73	4720.15780281	64.6596959289
9	4	188.185849081	47.0464622701
29.515625	1889	1719.11015169	110023.049708	